100
Sensitivity: 0.9991204924802498
Positive predictivity: 0.999999999955986
not det [18, 649991]
false detected []
101
Sensitivity: 0.9946638206512985
Positive predictivity: 0.9989281885852664
not det [7, 40603, 40884, 41930, 63096, 63414, 115124, 115478, 308294]
false detected [115312, 308250]
102
Sensitivity: 0.9922445255021787
Positive predictivity: 0.9945130315045948
not det [68, 29133, 34216, 38682, 62969, 354044, 356125, 371886, 414789, 443355, 450830, 457973, 505325, 528456, 544544, 584655, 645411]
false detected [354012, 356093, 371854, 414758, 443322, 450794, 457941, 505290, 528425, 544513, 584621, 645378]
103
Sensitivity: 0.9961740793402117
Positive predictivity: 0.9999999999519924
not det [21, 392322, 394327, 395437, 413367, 468219, 478385, 594882]
false detected []
104
Sensitivity: 0.9485071397252919
Positive predictivity: 0.9829596412115266
not det [36, 73, 901, 2062, 2361, 4995, 7556, 8765, 9378, 10232, 10533, 15233, 16390, 17571, 17869, 18724, 19318, 19616, 19910, 21056, 22109, 22249, 22390, 23249, 23890, 32306, 33475, 36949, 41089, 41802, 42136, 44421, 47636, 48526, 51008, 52496, 54165, 56199, 56800, 58530, 59668, 59676, 60607, 60865, 61755, 64921, 65189, 66356, 67045, 69316, 69577, 74857, 75774, 76074, 77656, 79387, 82480, 90015, 90116, 90731, 93598, 97647, 98612, 99248, 99502, 99984, 103632, 112150, 115658, 115900, 116567, 118291, 120341, 120776, 121709, 129242, 131279, 134937, 137746, 137877, 138037, 138494, 139189, 146935, 151607, 155963, 158569, 160619, 165972, 170494, 174544, 178055, 180945, 181625, 182017, 183873, 185650, 186487, 194916, 196660, 203946, 205974, 208864, 210903, 213519, 215264, 217306, 218357, 218776, 228681, 230427, 233054, 234513, 528334, 540416, 541560, 589793, 590947, 600779]
false detected [937, 2099, 2396, 5028, 9417, 10269, 10577, 15268, 16425, 17608, 17906, 18759, 19355, 19652, 19947, 21094, 22283, 41839, 42092, 44303, 47672, 48558, 53875, 99162, 112040, 112909, 114949, 115702, 116534, 118199, 120375, 137717, 138005, 181985, 218329, 528306, 600750, 612440]
105
Sensitivity: 0.9409141582704975
Positive predictivity: 0.9821567105902965
not det [67, 30739, 31306, 88748, 95347, 98621, 102556, 106430, 106663, 111358, 112560, 119913, 123248, 124200, 158586, 198753, 201161, 210242, 212080, 225231, 225457, 227426, 228316, 237772, 240638, 246059, 248880, 274936, 277816, 305213, 306104, 306367, 307748, 313878, 314659, 314911, 315337, 315505, 324820, 351991, 359156, 359501, 363163, 364047, 365699, 366273, 370388, 370778, 371189, 371677, 372064, 372992, 374877, 376046, 383055, 383254, 384625, 384795, 385535, 386438, 387859, 388051, 397774, 398581, 398606, 398994, 399391, 405021, 405967, 407036, 408359, 413102, 413370, 413921, 417701, 420191, 426333, 429547, 431594, 433555, 434247, 434961, 435189, 436864, 437093, 437328, 438047, 439474, 441811, 442046, 442520, 443016, 444182, 444412, 447528, 450112, 450945, 453472, 454933, 456815, 457186, 457427, 457830, 462854, 463486, 464520, 465991, 466388, 469781, 471893, 472412, 472828, 475683, 476122, 476592, 477316, 477791, 478007, 478528, 478919, 479189, 483486, 486665, 489074, 495561, 514636, 515841, 535710, 539862, 540110, 541978, 542718, 562050, 563953, 582750, 583823, 592487, 594524, 595042, 595428, 598115, 605151, 606099, 609187, 610863, 611946, 612652, 615322, 617196, 618290, 618935, 619834, 628467, 629226, 630582, 633335, 633956, 634381]
false detected [314569, 314829, 431493, 433810, 434128, 434870, 436926, 437295, 437934, 439385, 441723, 441933, 442438, 442914, 444087, 444317, 447477, 448075, 450170, 457105, 457473, 463393, 469845, 471949, 472565, 475566, 476190, 476652, 477213, 477391, 477752, 477894, 478603, 478765, 479285, 483378, 483588, 594617, 595243, 597821, 609016, 609259, 610774, 618244, 630479, 633248]
106
Sensitivity: 0.9628217349398084
Positive predictivity: 0.999999999950495
not det [83, 229, 13754, 22494, 32450, 56376, 59595, 59861, 61503, 63389, 63624, 64349, 69758, 153566, 154535, 163279, 164589, 173105, 183259, 213630, 229183, 235337, 257493, 257770, 258921, 261287, 268592, 295133, 310326, 320516, 321851, 323673, 323869, 326553, 327977, 329390, 331036, 346145, 348604, 350489, 353743, 354350, 374986, 382155, 389022, 393747, 395813, 397410, 404338, 405963, 409223, 412042, 427458, 437521, 438974, 444588, 445286, 448080, 448724, 450997, 452681, 459001, 511563, 518806, 539480, 542748, 561138, 563501, 579685, 610990, 613610, 618317, 632449, 634565, 641092, 642486, 643950, 646407]
false detected []
107
Sensitivity: 0.9892523364023714
Positive predictivity: 0.9915690866046104
not det [47, 95, 1519, 2118, 8845, 53248, 259203, 272009, 440906, 447756, 458026, 498081, 499287, 500537, 503505, 507764, 527174, 534545, 540882, 625425, 627772, 646161]
false detected [1549, 2149, 8875, 19104, 53278, 104773, 174010, 225945, 259234, 440936, 458055, 498115, 499319, 500568, 503536, 507795, 527204, 534578]
108
Sensitivity: 0.9078947367923303
Positive predictivity: 0.9382436260091647
not det [23, 3593, 4197, 6886, 9586, 9924, 10519, 11000, 15620, 19802, 24454, 32698, 33513, 35018, 44008, 44777, 46506, 49153, 49480, 51623, 78330, 89517, 97198, 117581, 121398, 162001, 163040, 167119, 179895, 180184, 180712, 193696, 221307, 252926, 254180, 276177, 278057, 293071, 294799, 301222, 301855, 311685, 312628, 312945, 326699, 334364, 336303, 336488, 366353, 373517, 378494, 379355, 379858, 380203, 393120, 394948, 399741, 405608, 416802, 421766, 429133, 429720, 437548, 438399, 442751, 445358, 451250, 452444, 470137, 490898, 526532, 580872, 594463, 595416, 595738, 599094, 600745, 601109, 603275, 603629, 604307, 604655, 605019, 606080, 606753, 607101, 607453, 607799, 608439, 608757, 609074, 609401, 609738, 610069, 610380, 610683, 611005, 611323, 611647, 611968, 612888, 615630, 615960, 616278, 616601, 616909, 617224, 617841, 618169, 619299, 619643, 619930, 620228, 620536, 620829, 621962, 622255, 622550, 622863, 623439, 624322, 624633, 624933, 625241, 626105, 626715, 629711, 630306, 630605, 630910, 632428, 632729, 632876, 633033, 633343, 633654, 633966, 634546, 634851, 635157, 635470, 635783, 636091, 636397, 636694, 637317, 637637, 637953, 638573, 639501, 641487, 641744, 642096, 642449, 642770, 643416, 643743, 644072, 644411, 644733, 645328, 645618, 646463, 646593, 648199, 649471]
false detected [3511, 6803, 9501, 10095, 15533, 19718, 24373, 32615, 33434, 34932, 43930, 44699, 48016, 51542, 378414, 379779, 380123, 438175, 442670, 445270, 451166, 600666, 601028, 603198, 603550, 604234, 604574, 604936, 605999, 606676, 607018, 607372, 607719, 608357, 608682, 608995, 609320, 609654, 609983, 610303, 610607, 610795, 610924, 611244, 611564, 611892, 612812, 615148, 615551, 615880, 616199, 616520, 616830, 617144, 617764, 618086, 619509, 619852, 620145, 620456, 620748, 621884, 622179, 622473, 622775, 623360, 624238, 624552, 624857, 625162, 626027, 626635, 629638, 630231, 630527, 630826, 632351, 632648, 632955, 633264, 633573, 633886, 634469, 634771, 635079, 635391, 635703, 636012, 636321, 636615, 637234, 637558, 637873, 638496, 639420, 641660, 642012, 642369, 642694, 643336, 643670, 643996, 644331, 644656, 645251, 645562, 646515, 648121, 649395]
109
Sensitivity: 0.9984220906903976
Positive predictivity: 0.9999999999604899
not det [18, 565592, 570647, 649931]
false detected []
111
Sensitivity: 0.9929676511489467
Positive predictivity: 0.9990566037264597
not det [31, 59551, 60780, 66252, 67883, 259487, 321479, 326239, 429851, 430363, 432438, 499580, 592810, 593958, 639264, 639828]
false detected [639296, 639861]
112
Sensitivity: 0.9956862744707574
Positive predictivity: 0.9999999999606145
not det [15, 244539, 250194, 274057, 281633, 290683, 294485, 296205, 296720, 298601, 300521]
false detected []
113
Sensitivity: 0.9988864141982802
Positive predictivity: 0.931948051899639
not det [22, 649994]
false detected [297, 4142, 6712, 15179, 17773, 21900, 24160, 30545, 37241, 43524, 47603, 49823, 52065, 57063, 58506, 61056, 80199, 84286, 86925, 90649, 103723, 110149, 112272, 114975, 125211, 127489, 138270, 140493, 149115, 153627, 155871, 157737, 160039, 161936, 170884, 172702, 174873, 175271, 177063, 177440, 181498, 187902, 194549, 196834, 198674, 200839, 203131, 207182, 211958, 224881, 228828, 229218, 231059, 237741, 239549, 239948, 244207, 246792, 248233, 250428, 250825, 253067, 257283, 263450, 265970, 276999, 281170, 285193, 291406, 291827, 293974, 297878, 298243, 300079, 304321, 306564, 309384, 310871, 313090, 313502, 315316, 315711, 322129, 326291, 332535, 334750, 336885, 339025, 352053, 354266, 358283, 360653, 363215, 365034, 369285, 373647, 377809, 378503, 384524, 386398, 388988, 391245, 395173, 397421, 401778, 404044, 410519, 410884, 414369, 414706, 416860, 423459, 425722, 429938, 431949, 438458, 451363, 460218, 470740, 475064, 486006, 503112, 533475, 565878, 580808, 592138, 595984, 598218, 604906, 624216, 647934]
114
Sensitivity: 0.8566137565684331
Positive predictivity: 0.996921182204623
not det [21, 31349, 31731, 32123, 32494, 32854, 33248, 33649, 34021, 46201, 70156, 70555, 70935, 71311, 71666, 72072, 72457, 72853, 81113, 81878, 82243, 82608, 83001, 83389, 87598, 88388, 89909, 90299, 95418, 95825, 96235, 98190, 100946, 102522, 106075, 106483, 106893, 108047, 108417, 109220, 109957, 110334, 110691, 111089, 111470, 111837, 122818, 123190, 123540, 123919, 124309, 124668, 125035, 125395, 125756, 131454, 131827, 132186, 132586, 133355, 133730, 134476, 134880, 135264, 135649, 136026, 136380, 136774, 137175, 137552, 141046, 141456, 142611, 143376, 146136, 146925, 148102, 148496, 148878, 150041, 150454, 150830, 151208, 152743, 153113, 155412, 156160, 156558, 156946, 157235, 157328, 157701, 158079, 158479, 160847, 161261, 161669, 162059, 162454, 163299, 164923, 165348, 165749, 166152, 166935, 167364, 167761, 169361, 169770, 170161, 170551, 170929, 171737, 172124, 172516, 172893, 173270, 173670, 174082, 174465, 177633, 178060, 178483, 178871, 179637, 180054, 180461, 181230, 181604, 181992, 182387, 183904, 184305, 184702, 185091, 185841, 186594, 186990, 187367, 187734, 188098, 188463, 188860, 193916, 195057, 195463, 196242, 196628, 200582, 200973, 201344, 201753, 202152, 202538, 202915, 203671, 204085, 204481, 204866, 205200, 205998, 206385, 206762, 206945, 207120, 207482, 207842, 208207, 208584, 239232, 240663, 251900, 253286, 253651, 253746, 254124, 254485, 254848, 255189, 255558, 255938, 256307, 264093, 264484, 264870, 265244, 265965, 266355, 266737, 267105, 267483, 267844, 268211, 268999, 269383, 269764, 270133, 270517, 270916, 273932, 274293, 274624, 278493, 279519, 280555, 283682, 285127, 285465, 287260, 287961, 296833, 297213, 297582, 297936, 298295, 298650, 299411, 302347, 308571, 308918, 310328, 310689, 311042, 314985, 315338, 316783, 317139, 317835, 332189, 342947, 350985, 354756, 355043, 355441, 355778, 356430, 356743, 357102, 357441, 357767, 358105, 358421, 358739, 359070, 359429, 434605, 435972, 477355, 481541, 514342, 514679, 515662, 515966, 516277, 516569, 516886, 567879, 569735, 570338, 605514, 606148, 609625, 633208, 634127, 637470, 640567, 640854, 641438, 645942, 646208, 646504]
false detected [85122, 404786, 435340, 493031, 493310]
115
Sensitivity: 0.9949031599900661
Positive predictivity: 0.9999999999487704
not det [44, 464021, 467353, 518201, 583674, 583779, 588064, 649955]
false detected []
116
Sensitivity: 0.9859562163987627
Positive predictivity: 0.9987447698326886
not det [174, 360124, 360251, 360550, 360826, 361268, 487532, 487855, 488126, 488388, 488586, 488923, 489191, 489452, 489720, 489988, 490260, 490524, 490787, 491457, 500548, 500886, 501156, 501421, 501686, 501967, 502231, 502494, 503762, 505376, 505723, 505996, 506110, 649957]
false detected [360200, 360676, 505901]
117
Sensitivity: 0.997400909616803
Positive predictivity: 0.9986987637606571
not det [72, 258119, 258464, 261770]
false detected [258398, 260489]
118
Sensitivity: 0.9891351585836969
Positive predictivity: 0.999560825603884
not det [13, 68, 64520, 68923, 93918, 95150, 103214, 130814, 133045, 269262, 269511, 269712, 299687, 310750, 366178, 379138, 409570, 479884, 489105, 579230, 585083, 588576, 590575, 621591, 622066]
false detected [269407]
119
Sensitivity: 0.9489016236414087
Positive predictivity: 0.9994969818410715
not det [32, 7610, 11305, 12901, 15216, 20532, 22190, 29812, 31494, 47228, 48929, 62590, 67022, 68360, 72033, 76031, 77720, 85700, 89003, 101247, 102922, 105494, 107806, 108458, 112724, 117848, 123001, 132625, 138747, 156852, 161129, 167675, 169346, 204463, 217020, 240873, 243207, 272697, 275672, 277342, 278312, 282282, 284631, 340689, 347593, 349242, 382824, 384558, 388684, 390402, 393782, 395492, 398150, 399831, 402076, 403383, 407598, 410580, 412117, 413733, 414960, 417674, 420971, 424745, 427541, 434464, 438493, 440729, 441746, 443465, 445851, 451402, 453057, 457761, 461777, 463397, 465008, 469545, 475628, 477316, 478335, 483365, 489101, 491494, 495911, 498926, 503955, 506342, 525142, 526848, 527511, 531395, 533012, 534611, 538995, 546065, 549155, 551092, 552115, 552636, 556704, 577950, 581388, 612667, 614335, 615331, 617767]
false detected [96]
121
Sensitivity: 0.9920042643394453
Positive predictivity: 0.9999999999462654
not det [36, 76642, 87031, 556476, 558798, 559315, 562123, 562564, 564871, 595291, 595542, 595840, 596543, 628697, 629412]
false detected []
122
Sensitivity: 0.9987898345704401
Positive predictivity: 0.9999999999596123
not det [17, 137044, 137246]
false detected []
123
Sensitivity: 0.9986833442397179
Positive predictivity: 0.9999999999340804
not det [25, 70]
false detected []
124
Sensitivity: 0.9895960831707713
Positive predictivity: 0.9987646694874142
not det [100, 103283, 111960, 119599, 121880, 197744, 202433, 226633, 229840, 296152, 375789, 378427, 379617, 379901, 381519, 384040, 505409, 505550, 506651, 509256]
false detected [296181, 379649]
200
Sensitivity: 0.9297994269007952
Positive predictivity: 0.9999999999614793
not det [67, 3611, 14449, 15761, 16290, 18540, 19033, 22222, 26491, 29486, 30204, 32934, 35985, 39210, 40109, 42102, 42636, 46439, 46931, 48208, 65025, 74439, 77455, 79269, 79796, 80562, 83073, 83519, 85611, 109752, 112853, 114404, 115732, 115939, 116323, 117446, 122110, 124430, 126750, 128346, 129532, 130152, 138930, 139595, 141162, 144759, 146354, 148068, 153719, 160086, 163821, 166089, 167650, 170092, 172432, 172987, 175625, 176108, 179849, 182633, 183121, 185368, 187357, 188716, 202543, 202649, 208061, 211925, 213565, 217800, 218236, 218313, 219266, 219498, 222004, 222054, 223744, 224948, 225962, 226766, 227379, 228676, 230812, 232515, 250853, 255242, 256435, 257145, 258347, 266806, 268039, 268810, 270562, 270768, 280576, 281850, 283560, 285736, 286526, 288212, 292063, 293270, 322512, 335767, 337168, 338417, 340338, 341352, 342982, 345092, 347264, 347942, 347954, 350112, 350828, 351817, 352765, 353351, 354197, 355958, 356458, 358754, 361716, 362046, 374750, 379800, 385419, 385887, 386019, 396038, 396468, 396825, 405057, 405554, 408085, 408863, 411391, 413149, 414691, 418075, 419444, 420004, 445417, 456817, 461180, 464229, 475272, 477125, 486532, 487968, 488283, 489984, 509605, 512135, 533050, 537912, 538708, 539915, 542605, 545224, 546577, 553830, 558246, 558759, 560064, 560597, 562001, 565973, 567948, 569104, 570860, 572119, 572845, 574762, 577659, 579678, 587431, 588761, 591397, 592802, 596989, 598407, 599602, 601466, 618102, 625468, 626875, 628264, 631107, 636590, 638511, 640337, 642249, 642809, 645116, 649242]
false detected []
201
Sensitivity: 0.9519372240827887
Positive predictivity: 0.9999999999484801
not det [60, 17553, 136226, 138552, 140913, 154408, 159364, 160024, 160693, 161905, 165235, 166407, 171815, 172235, 174321, 185068, 188387, 190075, 190744, 191455, 192138, 192789, 193490, 194173, 194810, 195503, 196227, 198452, 199610, 207663, 218912, 223189, 230877, 236273, 237968, 266038, 266466, 279890, 292545, 328999, 353743, 357861, 365180, 374067, 375711, 387112, 388776, 391637, 392172, 393128, 395181, 395610, 396037, 396256, 396465, 397228, 420493, 424535, 427642, 437659, 451119, 455047, 462156, 466112, 492708, 524641, 524774, 525969, 527903, 530053, 532956, 536473, 538146, 539386, 543793, 546687, 548354, 548833, 551796, 551907, 560815, 562460, 564913, 566349, 567803, 568486, 569921, 570586, 571186, 571684, 573143, 574742, 643411, 646257, 646690, 647321, 648594, 649181]
false detected []
202
Sensitivity: 0.9930102515846687
Positive predictivity: 0.9985941892690444
not det [183, 218534, 222462, 228542, 240814, 265365, 293766, 411338, 416822, 423479, 464994, 468678, 481880, 549793, 567041]
false detected [218633, 222557, 228641]
203
Sensitivity: 0.8581081080804985
Positive predictivity: 0.998876404456971
not det [14, 24, 2368, 3584, 15847, 16689, 16858, 17156, 17814, 17922, 18229, 21158, 21974, 22258, 22768, 25002, 26449, 26590, 33033, 33602, 34176, 35263, 35664, 36556, 36678, 37404, 37769, 37837, 38000, 38291, 38635, 38870, 39126, 39471, 39655, 39781, 39925, 40044, 40260, 40704, 41243, 43842, 43988, 44758, 44885, 45153, 45289, 45996, 46460, 46733, 47348, 49061, 49559, 49689, 49938, 50450, 50745, 51055, 51304, 51430, 52179, 64010, 67327, 77267, 80575, 84815, 90195, 91883, 95938, 96818, 97315, 103783, 108537, 108616, 108858, 109079, 109110, 109293, 109632, 110153, 110710, 111996, 113684, 125910, 129098, 135887, 136814, 137472, 138504, 139172, 140400, 141384, 141768, 145774, 146168, 148012, 148743, 153597, 153701, 160955, 170229, 170892, 173301, 173851, 174608, 175521, 175726, 176701, 181158, 183404, 183892, 184354, 186465, 189997, 191842, 191899, 193085, 193604, 193732, 198664, 199072, 199185, 199777, 199816, 200391, 209771, 209938, 210305, 210579, 210714, 211024, 211127, 211712, 212873, 213889, 214711, 215210, 215643, 215882, 216159, 216429, 217273, 217889, 220870, 222018, 222810, 223036, 224433, 224745, 224985, 225213, 225635, 226131, 226374, 226626, 226787, 227538, 227818, 228314, 228558, 228822, 229093, 229819, 230226, 230491, 230745, 230832, 230984, 231406, 232324, 232475, 233801, 240257, 241610, 241876, 247911, 249109, 251795, 255603, 255766, 256022, 258112, 258293, 258517, 258872, 259285, 262284, 262896, 264793, 265263, 265403, 265581, 266869, 267025, 267283, 267422, 268015, 268837, 269331, 269679, 269882, 270056, 270795, 270926, 271102, 271858, 272212, 272866, 273157, 273375, 273531, 273705, 274572, 274990, 275229, 275467, 275740, 276483, 277453, 277674, 278139, 278273, 279154, 279543, 281447, 281621, 281897, 282658, 283731, 286669, 286800, 287130, 288072, 289066, 292754, 293727, 296557, 297095, 298488, 298681, 299148, 301408, 301745, 302363, 303737, 306612, 306954, 307985, 310130, 312376, 313142, 314520, 316025, 316262, 317961, 318707, 318755, 318891, 319210, 319430, 320056, 320418, 322872, 324013, 324702, 324836, 324927, 325169, 325480, 325526, 325972, 326224, 326572, 326730, 327940, 329567, 329584, 329642, 329692, 329813, 329848, 331903, 332203, 332500, 332883, 333028, 333230, 333928, 340409, 344371, 347370, 350666, 363267, 363841, 370543, 370905, 372163, 375316, 375675, 386962, 387405, 392499, 396276, 397075, 403943, 405315, 405506, 405731, 407305, 409135, 409510, 409814, 410188, 413310, 413504, 413805, 415016, 415325, 415623, 418550, 419212, 420005, 420316, 426263, 432952, 433293, 433425, 436885, 437598, 456976, 457181, 457223, 457467, 458469, 469434, 470798, 477818, 484981, 501570, 505420, 506961, 507352, 509025, 509247, 514406, 514658, 514899, 522359, 522491, 525351, 526559, 532601, 535459, 535833, 536100, 536392, 536660, 537359, 538116, 538860, 538925, 539143, 539209, 539292, 539636, 540205, 540551, 543805, 546160, 548526, 549818, 550987, 552228, 553841, 558488, 558624, 567864, 570134, 570543, 571070, 572471, 573480, 573782, 574021, 575300, 576394, 577647, 577952, 578105, 578347, 578595, 578810, 579384, 579671, 579904, 580875, 581770, 582221, 583302, 589101, 589753, 590265, 598780, 599517, 600660, 601377, 601609, 602740, 603020, 603776, 604154, 605020, 606008, 606971, 607141, 610599, 610762, 611153, 612145, 612646, 612801, 614034, 622709, 622950, 623177, 623391, 624067, 630288, 631533, 631763, 632754, 633252, 634517, 635773, 636230, 638590, 640770, 641045]
false detected [375384, 522564, 537448]
205
Sensitivity: 0.9869011975678555
Positive predictivity: 0.9996209249052457
not det [15, 107561, 107630, 107852, 108224, 108650, 109089, 109259, 109490, 109706, 109906, 110124, 113869, 156415, 156647, 322918, 330957, 331137, 333754, 333989, 334324, 348540, 525782, 526612, 526806, 527025, 527235, 527470, 527698, 530612, 530816, 531540, 531934, 532127]
false detected [98]
207
Sensitivity: 0.8398322850800909
Positive predictivity: 0.9704457363870909
not det [9, 50, 13868, 13967, 14125, 14414, 14665, 14689, 14894, 15138, 15258, 15519, 16015, 16138, 16383, 16611, 16822, 17055, 17346, 17509, 17618, 17730, 17857, 17976, 18132, 18350, 18396, 19715, 19760, 20077, 20297, 20402, 20521, 20640, 20748, 20851, 21092, 21315, 21731, 21827, 22262, 22513, 22774, 25627, 27256, 29115, 48133, 74943, 86540, 87172, 87214, 87521, 87753, 87999, 88121, 88259, 88392, 88517, 88716, 88788, 89131, 89242, 89320, 89372, 89627, 89766, 90002, 90131, 90360, 90594, 90724, 90853, 90966, 91077, 91185, 91315, 91425, 91538, 91667, 91879, 92101, 92210, 92321, 92524, 92737, 92953, 93172, 93430, 93802, 94122, 94220, 94680, 97008, 97051, 97384, 97608, 97729, 97825, 97939, 98168, 98277, 98376, 98484, 98651, 98750, 98856, 98946, 99056, 99162, 99277, 99374, 99491, 99597, 99809, 100001, 100214, 100424, 100804, 101126, 101185, 101715, 101933, 108704, 111757, 115469, 116647, 120774, 121788, 124554, 150744, 151602, 159775, 161076, 170465, 173584, 186227, 186859, 551800, 552394, 552516, 553386, 554109, 554682, 554740, 555102, 555339, 555460, 555573, 555708, 555804, 555948, 556047, 556163, 556247, 556597, 556824, 557025, 557158, 557287, 557400, 557519, 557627, 557749, 557863, 558097, 558205, 558309, 558411, 558522, 558720, 558824, 558942, 559057, 559156, 559393, 559579, 559690, 559905, 560006, 560124, 560330, 560554, 560659, 560767, 560862, 560945, 561073, 561176, 561505, 561618, 561733, 561833, 562059, 562263, 562470, 562568, 562670, 562780, 562968, 563160, 563269, 563370, 563482, 563688, 563899, 564111, 564201, 564299, 564410, 564611, 564810, 564915, 565004, 565111, 565200, 565291, 565382, 565482, 565692, 565898, 566107, 566305, 566407, 566611, 566805, 566899, 566998, 567193, 567384, 567581, 567773, 567969, 568076, 568174, 568275, 568377, 568466, 568566, 568668, 568767, 568872, 569058, 569250, 569436, 569620, 569811, 570017, 570161, 570213, 570287, 570441, 570619, 570803, 570985, 571181, 571372, 571555, 571654, 571881, 572133, 572287, 572447, 572629, 572820, 573033, 573222, 573399, 573485, 573599, 573732, 573893, 574093, 574193, 574272, 574485, 574662, 574862, 575058, 575263, 575351, 575446, 575498, 575599, 575708, 575830, 575978, 576090, 576204, 576309, 576499, 576780, 576913, 577130, 577319, 577522, 577583, 577718, 577911, 577998, 578095, 578271, 578377, 578441, 578660, 578846, 578951, 579155, 579255, 579437, 579634, 579829, 579911, 580133, 580230, 580425, 580638, 580717, 580820, 581064, 581260, 581468, 581553, 581756, 581961, 582168, 582261, 582345, 582538, 582736, 582822, 583004, 583213, 583296, 583397, 583589, 583792, 583865, 584088, 584192, 584277, 584383, 584476, 584575, 584642, 584728, 584842, 584941, 585054, 585152, 585235, 585323, 585539, 585636, 585731, 585853, 586020, 586126, 586335, 586422, 586521, 586629, 586731, 586820, 586938, 587071, 587220, 587391, 587471, 587581, 587692, 587784, 587875, 588092, 588302, 588508, 589166, 589410, 589926, 590149, 590585, 591405, 592308, 629482, 631361]
false detected [14003, 14767, 15229, 16077, 17418, 17666, 17797, 18078, 20363, 20489, 20719, 88089, 88220, 88351, 88489, 90755, 90886, 91120, 91345, 91570, 92239, 97688, 98245, 98802, 116527, 150935, 159967, 555426, 555650, 555896, 556125, 557201, 557693, 560034, 560618, 561549, 561675, 562605, 564156, 564358, 565050, 565238, 565430, 573538, 575553, 575763, 576034, 578766, 583333, 584311, 584508, 584790, 584995, 585288, 585689, 586073, 586462, 586678, 586871, 587518, 587819]
208
Sensitivity: 0.9644736841788003
Positive predictivity: 0.9996590521309356
not det [9, 46, 6482, 8093, 13030, 19850, 22415, 27257, 34691, 36135, 47428, 49955, 53281, 55421, 59798, 63865, 74266, 74594, 75210, 75407, 75607, 75711, 75815, 76010, 99031, 102977, 112262, 115002, 122073, 133054, 134028, 135370, 136281, 137533, 138560, 141360, 142674, 323548, 324368, 325167, 325815, 326108, 326294, 327833, 329791, 331367, 350068, 352486, 360583, 363627, 371851, 377196, 386894, 401057, 405729, 420724, 422163, 429976, 432868, 433662, 437925, 438292, 438464, 438697, 438893, 438962, 442671, 450719, 453453, 453644, 453806, 454126, 457582, 458569, 460774, 484889, 487066, 497885, 498195, 498442, 498665, 498864, 499084, 499292, 499495, 499710, 500016, 500052, 502239, 504085, 505688, 515817, 517389, 520426, 523496, 538209, 539456, 542196, 544966, 550108, 559278, 560296, 580370, 594024, 599210, 642598, 647126, 649935]
false detected [458432]
209
Sensitivity: 0.9819790301119928
Positive predictivity: 0.9996664442628531
not det [84, 54184, 56218, 88843, 89436, 93785, 122251, 142126, 151724, 154347, 200042, 204962, 210347, 215793, 220051, 222193, 223855, 264111, 267547, 269683, 270875, 271916, 281035, 285337, 287048, 288430, 288832, 290978, 291397, 291841, 292076, 296214, 305156, 309711, 310721, 312955, 315664, 373805, 396567, 439602, 449558, 550895, 551843, 575971, 581649, 595433, 598129, 608596, 611225, 617455, 618068, 618287, 620305, 631897, 632869]
false detected [88748]
210
Sensitivity: 0.9713221601127999
Positive predictivity: 0.9988510148985503
not det [13, 57, 8115, 11072, 67636, 72234, 74591, 81064, 82307, 82666, 88260, 108309, 151554, 152055, 152488, 176723, 179648, 194096, 194641, 201041, 216091, 218539, 219533, 222947, 262281, 277849, 288623, 289052, 302953, 303150, 303520, 303860, 337063, 339479, 345494, 345673, 346090, 346350, 349394, 349615, 352982, 353969, 354520, 354766, 360453, 366154, 367320, 368862, 370012, 378278, 380044, 380954, 389830, 390598, 390958, 392699, 394037, 394440, 397020, 399289, 400544, 417058, 440488, 455753, 460237, 493184, 550753, 589959, 590154, 596913, 598041, 598744, 635596, 637580, 643562, 649962]
false detected [82551, 82769, 346156]
212
Sensitivity: 0.9942091928702784
Positive predictivity: 0.9999999999635967
not det [125, 252274, 252720, 322901, 400073, 401859, 404855, 406365, 502327, 502485, 504109, 572400, 572840, 578363, 581268, 649945]
false detected []
213
Sensitivity: 0.9854280509719057
Positive predictivity: 0.9999999999691929
not det [18, 53845, 54821, 95831, 96794, 114696, 115686, 167075, 168060, 170619, 171620, 173400, 174382, 176557, 177558, 219372, 220363, 224902, 225896, 278006, 279384, 282376, 283383, 285569, 287361, 308273, 309270, 318438, 322260, 322505, 322850, 376196, 377597, 379215, 380044, 381413, 382399, 385831, 388036, 496534, 497557, 499781, 500786, 504147, 504960, 577591, 578609, 649992]
false detected []
214
Sensitivity: 0.982585981672504
Positive predictivity: 0.9995571301594528
not det [19, 58, 27619, 27869, 28113, 29231, 29808, 31665, 50211, 75897, 76155, 87461, 91176, 93819, 107790, 113293, 123155, 123530, 123977, 125305, 127250, 152650, 167898, 180809, 195178, 197999, 232551, 236178, 301494, 302310, 398868, 400950, 451231, 453238, 457230, 459108, 567282, 569233, 646789, 648663]
false detected [57083]
215
Sensitivity: 0.9473529411486074
Positive predictivity: 0.9999999999689538
not det [41, 9214, 9745, 10135, 10322, 11062, 11448, 11643, 12248, 12618, 15456, 15649, 15847, 16244, 16437, 16635, 17005, 17181, 17361, 17542, 17730, 19554, 27766, 36828, 38745, 64513, 64672, 64914, 65165, 65762, 66347, 67388, 67557, 69622, 70271, 71470, 73761, 74260, 74461, 74842, 75029, 75209, 75393, 75570, 75762, 76138, 76327, 85046, 111824, 159575, 174202, 179094, 179715, 180051, 181218, 181398, 192126, 193210, 193414, 206275, 222680, 224064, 235130, 244952, 246167, 246210, 265483, 279250, 280077, 280104, 280286, 280467, 290311, 291259, 311979, 312233, 312503, 324145, 329130, 330112, 330303, 332157, 332265, 333162, 358302, 379767, 381140, 381925, 382113, 386256, 388801, 403123, 429238, 429425, 431711, 436172, 438541, 438735, 439971, 440158, 440340, 443304, 443573, 450620, 451516, 459756, 459940, 460656, 460917, 461114, 461624, 469758, 470304, 470497, 470680, 471050, 471238, 471823, 480024, 480596, 480731, 482565, 487440, 502611, 511397, 511580, 511763, 517378, 518139, 524206, 524397, 526237, 527109, 531112, 541497, 561525, 567331, 568477, 569497, 569688, 569874, 580451, 582614, 582805, 582996, 585163, 585347, 586760, 586981, 587490, 587793, 594947, 595414, 595671, 595889, 604307, 605012, 605045, 605755, 615991, 623396, 625571, 632669, 635034, 635236, 635964, 636453, 637298, 638910, 641237, 642290, 644942, 645141, 645337, 645895, 646082, 646489, 647675]
false detected []
217
Sensitivity: 0.9644736841682249
Positive predictivity: 0.9963751698687642
not det [102, 31131, 33058, 67227, 67966, 94358, 95977, 105659, 107026, 120516, 147582, 149727, 154940, 155573, 157556, 158717, 165653, 167043, 171505, 172421, 214525, 215943, 240658, 253430, 254814, 269596, 271569, 282922, 283878, 284647, 289435, 290618, 295298, 298753, 300578, 301963, 304410, 304560, 304865, 305152, 305354, 305637, 307295, 309352, 310852, 312852, 316518, 321324, 326545, 330618, 332903, 341368, 342271, 345943, 347566, 349947, 350090, 350868, 368756, 370854, 376958, 378125, 379457, 380915, 386673, 391074, 391906, 392072, 392818, 395481, 416923, 420870, 431944, 433088, 457931, 459335, 483993, 491498, 498632, 503875, 505242, 581285]
false detected [120549, 304489, 350120, 392100, 416954, 420900, 498663, 520056]
219
Sensitivity: 0.9316608996136826
Positive predictivity: 0.999535962830648
not det [188, 33119, 36627, 108913, 109192, 116870, 117599, 300575, 300817, 302003, 303821, 305606, 307174, 321702, 322204, 323098, 323968, 324800, 325647, 326615, 331189, 331684, 332528, 333382, 334210, 335042, 335882, 336733, 337562, 338379, 339349, 340199, 340682, 341542, 342379, 343200, 344038, 344865, 346091, 346931, 347770, 348303, 349145, 349974, 350792, 351346, 352173, 352994, 353544, 354377, 355212, 356033, 356833, 357658, 358493, 359322, 359873, 360403, 360945, 361749, 362568, 363113, 363927, 364464, 365017, 365563, 366386, 367197, 368020, 368545, 369098, 369642, 370176, 370716, 371536, 372093, 372621, 373446, 375729, 376303, 376858, 377398, 377625, 381194, 383575, 386884, 387439, 388001, 389444, 391444, 392010, 392550, 393115, 393645, 394762, 395613, 396434, 397575, 398408, 399829, 400376, 400914, 401463, 401723, 413166, 417447, 418031, 420433, 421021, 421584, 422136, 422688, 424125, 426494, 427050, 427618, 428159, 428718, 429261, 432534, 433120, 434611, 436066, 436616, 437182, 437726, 437749, 439101, 480583, 480987, 482061, 482884, 483713, 484552, 485045, 485461, 486326, 487163, 487997, 488840, 489673, 490506, 491343, 492163, 492722, 493566, 494385, 495221, 496051, 496588, 498254, 498824, 499376, 499936, 500483, 500516, 501037, 501948]
false detected [80]
220
Sensitivity: 0.9893668438381167
Positive predictivity: 0.999999999951148
not det [0, 28, 145616, 146963, 147170, 147664, 148195, 148730, 149531, 150266, 150801, 151469, 155174, 155986, 231880, 232636, 233510, 234137, 444319, 445156, 518935, 520167]
false detected []
221
Sensitivity: 0.9841592201062487
Positive predictivity: 0.9991752576907558
not det [28, 220, 103972, 105889, 144440, 146218, 189319, 191136, 196435, 197230, 198216, 198552, 231822, 247716, 249463, 253307, 255055, 261161, 262903, 272977, 274162, 282509, 283150, 303035, 303654, 348019, 350701, 364752, 366521, 377521, 378482, 395420, 395865, 415561, 416040, 425387, 426790, 483480, 615344]
false detected [99, 615442]
222
Sensitivity: 0.9248291571402875
Positive predictivity: 0.9959116925185646
not det [17, 39144, 40405, 41595, 42095, 191462, 192786, 193398, 195781, 197176, 199511, 201386, 202348, 205750, 206623, 206819, 207617, 208157, 210337, 216485, 222667, 225271, 226477, 227654, 227848, 228732, 229215, 230022, 233218, 242728, 247618, 250517, 251409, 253897, 256057, 257703, 258467, 259507, 260255, 260913, 263681, 265143, 265829, 266681, 271699, 271898, 273709, 277876, 279419, 280876, 288813, 290901, 293115, 298250, 298721, 299799, 301813, 304196, 304908, 305733, 306452, 312335, 312645, 312925, 313544, 316617, 317049, 317264, 319245, 322331, 327133, 327863, 329614, 333021, 336673, 337225, 339698, 344707, 345060, 346473, 347056, 348977, 352960, 356580, 357285, 362769, 363235, 363932, 373147, 375314, 375784, 378558, 382698, 387297, 392326, 406876, 408856, 409141, 414970, 439260, 439312, 441924, 446482, 448146, 449559, 452489, 454220, 454371, 454746, 454834, 459379, 460256, 460494, 461280, 461975, 464800, 466208, 466895, 468726, 469227, 469540, 469853, 476344, 477202, 478549, 479407, 479732, 480158, 481300, 482865, 483478, 484568, 488178, 490090, 490136, 491234, 493713, 494322, 495815, 496710, 498369, 500008, 503841, 504620, 505204, 506725, 507613, 508782, 509681, 510017, 510806, 516993, 517574, 520257, 520853, 522494, 523776, 526850, 528572, 529429, 530119, 532908, 533364, 534527, 534772, 535755, 535805, 536921, 537458, 539384, 539727, 542651, 543101, 544605, 552709, 554542, 556284, 556499, 558688, 565269, 567874, 570294, 571025, 571803, 575390, 578333, 581671, 583789, 584890, 590964, 592619, 595365, 596606, 597599, 598542, 603088, 629606, 639659]
false detected [201338, 216439, 227737, 264534, 265061, 536743, 536878, 556312, 590874, 591761]
223
Sensitivity: 0.9841089670456259
Positive predictivity: 0.9996156802075475
not det [96, 43517, 49529, 49943, 56625, 58483, 150339, 163359, 208178, 221142, 227921, 228004, 229308, 229742, 234214, 263704, 269062, 269716, 272453, 272660, 275042, 298391, 302440, 334684, 339636, 364748, 365500, 373294, 375556, 389589, 397732, 465146, 519178, 520002, 521445, 552370, 558406, 559599, 565007, 595718, 596544, 617075]
false detected [397701]
228
Sensitivity: 0.6805231200055805
Positive predictivity: 0.994539249078871
not det [27, 5106, 6048, 6192, 6635, 7197, 7825, 8394, 8931, 9504, 10098, 10656, 11199, 11776, 12198, 12404, 12713, 13012, 13287, 13574, 13896, 14237, 14568, 14897, 15190, 15465, 15804, 15851, 16157, 16309, 16404, 17076, 17113, 20749, 21122, 21438, 21556, 21709, 21998, 22307, 22627, 22803, 23284, 23602, 24472, 25110, 25421, 25734, 26021, 26303, 26585, 26887, 27224, 27556, 32328, 32890, 33181, 33480, 33580, 33948, 34117, 34639, 34721, 35291, 35937, 36598, 36709, 37183, 37881, 38144, 38590, 39170, 39838, 40304, 40353, 40568, 41012, 41564, 41998, 43703, 46520, 47648, 48067, 48256, 48568, 48899, 49220, 49519, 50075, 50374, 50671, 51615, 51985, 52480, 53114, 53521, 53724, 54009, 54295, 54936, 55260, 55564, 55876, 56181, 56745, 57027, 57316, 57606, 57996, 58189, 58457, 58724, 59329, 59661, 59989, 60280, 60556, 61116, 61787, 62126, 62427, 62705, 62992, 63300, 63674, 64004, 64635, 64744, 65403, 68108, 69534, 78389, 79001, 79310, 79613, 80440, 80724, 81043, 81390, 81727, 82008, 82857, 83525, 83868, 84157, 84427, 84738, 85403, 85715, 86038, 86316, 86587, 99584, 101838, 104773, 106047, 106354, 106652, 106978, 107290, 107889, 108179, 108481, 108771, 109090, 110002, 110568, 110867, 110940, 111184, 111361, 111425, 111838, 112133, 112394, 112678, 113004, 113312, 113621, 115701, 116300, 116378, 117763, 120093, 123399, 123880, 124494, 125078, 125629, 126214, 126849, 127428, 128000, 128744, 129411, 129984, 130826, 131547, 132103, 132760, 133499, 134138, 134760, 135490, 136139, 136725, 137355, 138087, 138664, 139263, 139929, 140519, 141113, 141746, 142382, 142952, 143583, 144195, 144831, 145406, 146029, 146669, 147235, 147841, 148457, 149063, 149629, 150245, 150867, 151501, 152103, 152743, 153410, 153979, 154638, 155077, 155284, 155591, 155895, 156192, 157507, 157816, 159388, 159975, 160902, 161207, 161842, 162150, 162445, 162745, 163046, 163686, 163985, 164270, 164562, 164871, 165189, 166696, 167624, 167935, 168254, 168542, 169736, 170376, 170662, 170948, 171247, 171576, 171899, 172217, 172522, 172824, 174866, 175431, 176094, 176758, 177384, 178101, 178880, 179493, 180190, 180896, 181507, 182174, 182903, 183526, 184119, 184839, 185483, 186092, 186723, 187395, 188007, 188391, 188582, 188931, 189310, 189644, 189945, 190232, 190517, 190820, 191168, 191517, 192709, 193307, 193641, 193954, 194254, 194534, 194823, 195435, 196743, 197339, 197686, 198071, 198395, 198687, 198978, 200269, 200594, 200894, 201185, 201780, 202093, 202452, 202803, 203374, 203667, 203976, 204285, 204628, 204970, 205262, 205534, 206139, 206759, 207075, 207363, 207636, 208223, 210668, 212185, 212816, 213134, 213744, 214306, 215232, 219961, 220459, 221041, 221597, 221694, 222151, 222370, 222678, 223003, 223337, 223663, 223983, 225223, 234251, 234884, 235219, 235814, 236779, 243541, 244058, 244689, 245812, 246020, 246638, 248236, 250267, 251367, 252013, 252612, 253211, 253842, 254474, 255046, 255675, 256320, 256952, 257528, 257935, 258139, 258457, 258785, 259356, 259641, 262800, 264344, 264685, 274733, 276600, 277922, 278578, 279176, 279817, 280490, 281082, 281684, 282335, 282983, 283571, 284283, 284980, 285563, 286236, 286891, 287311, 287508, 287807, 288442, 288763, 289746, 290043, 290355, 370220, 371835, 413030, 435497, 436051, 436370, 436652, 436958, 437284, 437603, 437916, 438109, 438552, 438868, 439489, 443559, 447381, 447709, 448391, 448711, 449308, 449623, 450330, 450552, 450650, 450942, 451248, 451537, 451847, 451982, 452500, 454917, 455513, 455795, 456055, 457013, 457342, 457921, 464458, 466148, 466665, 467954, 468125, 468869, 469165, 469517, 470473, 472120, 472224, 473486, 473784, 474119, 474628, 477812, 478326, 478967, 479391, 479602, 480202, 481091, 482019, 483600, 483890, 484173, 490951, 491747, 496383, 505596, 507386, 507952, 508601, 509267, 509854, 510468, 511171, 511817, 512428, 513093, 513805, 514426, 515050, 515897, 516541, 517217, 518666, 521356, 522050, 522708, 523329, 523979, 524605, 525221, 525849, 526272, 526487, 526818, 527125, 527393, 530597, 530829, 531138, 531428, 532022, 532977, 533301, 533726, 533873, 535485, 535792, 536057, 538700, 539432, 539676, 539725, 540406, 540739, 541078, 541426, 541735, 542711, 542955, 543277, 543977, 544278, 544546, 544864, 545497, 546672, 547975, 549278, 559405, 559989, 560310, 561362, 561664, 561961, 564241, 565253, 565892, 566193, 566494, 566829, 567475, 567814, 568112, 568390, 568678, 569333, 569654, 569974, 570260, 577749, 578973, 579377, 579585, 580267, 580588, 581019, 581506, 582141, 582802, 583426, 584050, 584527, 584768, 585091, 585391, 585674, 585969, 586622, 587251, 587553, 587861, 589093, 589401, 589703, 590276, 592394, 593333, 593640, 593922, 594215, 594513, 595116, 595434, 595744, 596027, 597879, 598454, 598743, 599348, 600012, 600601, 601233, 602812, 603848, 604399, 605029, 605428, 605641, 606293, 606959, 607236, 610162, 610682, 611320, 611927, 612560, 613192, 613602, 613790, 614086, 614409, 614753, 615374, 615952, 616264, 616588, 623048, 623401, 623726, 624040, 624358, 624662, 625318, 625641, 625961, 626256, 626584, 626883, 627213, 627557, 628234, 632607, 632862, 633493, 634110, 634421, 634754, 635045, 635340, 635619, 635929, 636876, 637153, 639584, 640175, 640475, 640795, 641412, 641509, 641981, 642586, 643005, 643210, 643516, 643801, 644094, 644398, 644738, 645382, 645682, 645972, 646270, 649761]
false detected [51516, 104687, 115598, 115869, 117662, 439390, 491648, 547875]
230
Sensitivity: 0.9148418491113204
Positive predictivity: 0.9999999999556738
not det [30, 1545, 5566, 9490, 11148, 13117, 15336, 41436, 42307, 47475, 53350, 53629, 53920, 55275, 57731, 58035, 59431, 62669, 64636, 64896, 65344, 67706, 67979, 76655, 82312, 83779, 85247, 85507, 87025, 88017, 91852, 96237, 96834, 97566, 117638, 117969, 119651, 120056, 128273, 129561, 130738, 132731, 139171, 140801, 146956, 147701, 148678, 149341, 150355, 150681, 151598, 152612, 155333, 156625, 157534, 162587, 163547, 163872, 165950, 166278, 166898, 167221, 168729, 169417, 170337, 170986, 171926, 172283, 173907, 174873, 177219, 177538, 178457, 179855, 181405, 182141, 183442, 189828, 192389, 193163, 194464, 194833, 195833, 199090, 202854, 203890, 204459, 207866, 210493, 211860, 212504, 215985, 221191, 221855, 222464, 225946, 228205, 230191, 230839, 231155, 231725, 235904, 236570, 237217, 237832, 238524, 240114, 240447, 241374, 248089, 248753, 249102, 250746, 251084, 253098, 254988, 255955, 271546, 272562, 274094, 275408, 285873, 286490, 311326, 312317, 312665, 314846, 315198, 315852, 316432, 317940, 318587, 319218, 319518, 320116, 323092, 325363, 327882, 328786, 329403, 330623, 331271, 334212, 334534, 334827, 339352, 340675, 344360, 345358, 349025, 350252, 361686, 363718, 369657, 373147, 373758, 374641, 375806, 380973, 381293, 381927, 382563, 383539, 384773, 385948, 386314, 388212, 388864, 389523, 393671, 396272, 409329, 414069, 414348, 415323, 416316, 417049, 420825, 422596, 430441, 431783, 508203, 511624, 512901, 515753, 516058, 517591, 518147, 522128, 524833, 525374, 525595, 525648, 526634, 540091, 562411, 567080, 577919, 590898, 595066, 595887, 596415, 597970, 599287, 611580, 613318, 629525, 635670, 635967, 648554]
false detected []
231
Sensitivity: 0.7812033813634409
Positive predictivity: 0.9999999999363463
not det [57, 2083, 34275, 35142, 35220, 35853, 36474, 37090, 37713, 38298, 38919, 39509, 40096, 40707, 41291, 41892, 42444, 43024, 43597, 44177, 44767, 45342, 45926, 46490, 47050, 47658, 48249, 48834, 49431, 50031, 50616, 51207, 51802, 52315, 53176, 53625, 119218, 120082, 120168, 120788, 121420, 122041, 122660, 123280, 123879, 124458, 125038, 125638, 126223, 126811, 127410, 128007, 128597, 129192, 129794, 130393, 130990, 131559, 132166, 132737, 133348, 133965, 134588, 135227, 135844, 136445, 137036, 137608, 138209, 138788, 139384, 139981, 140564, 141164, 141743, 142312, 142879, 143442, 144033, 144624, 145216, 145798, 146390, 146971, 147577, 148192, 148799, 149398, 149994, 150578, 151166, 151768, 152376, 152976, 153584, 154182, 154785, 155375, 155957, 156527, 157120, 157704, 158288, 158868, 159436, 160022, 160612, 161198, 161788, 162360, 162953, 163537, 164141, 164737, 165355, 165977, 166582, 167203, 167797, 168421, 169055, 169676, 170313, 170951, 171567, 172183, 172761, 173372, 173981, 174577, 175199, 175794, 176394, 176971, 177555, 178161, 178749, 179361, 179950, 180548, 181133, 181748, 182356, 182981, 183583, 184201, 184806, 185416, 186033, 186643, 187265, 187889, 188492, 189102, 189679, 190278, 190881, 191494, 192097, 192688, 193283, 193874, 194455, 195036, 195608, 196204, 196777, 197386, 198001, 198586, 199191, 199774, 200346, 200919, 201510, 202121, 202337, 256822, 287941, 288016, 288648, 289257, 289892, 290514, 291130, 291738, 292311, 292893, 293481, 294041, 294640, 295223, 295819, 296395, 296978, 297575, 298160, 298773, 299344, 299924, 300499, 301079, 301656, 302237, 302837, 303447, 304066, 304684, 305281, 305872, 306462, 307055, 307646, 308227, 308825, 309438, 310033, 310638, 311248, 311861, 312471, 313094, 313721, 314304, 314900, 315499, 316072, 316685, 317276, 317892, 318506, 319093, 319711, 320302, 320922, 321539, 322131, 322745, 323346, 323958, 324585, 325198, 325797, 326392, 326995, 327593, 328189, 328779, 329397, 329986, 330589, 331197, 331807, 332402, 332995, 333589, 334179, 334774, 335375, 335974, 336593, 337201, 337816, 338430, 339033, 339662, 340262, 340861, 341449, 342040, 342644, 343254, 343864, 344475, 345068, 345675, 346252, 346857, 347468, 348058, 348674, 349285, 349879, 350486, 351070, 351673, 352234, 352829, 353420, 354005, 354597, 355199, 355781, 356368, 356943, 357544, 358130, 358736, 359358, 359971, 360611, 361226, 361822, 362421, 362999, 363604, 364192, 364799, 365411, 366001, 366599, 367197, 367795, 368404, 368993, 369616, 370224, 370848, 371484, 372088, 372679, 373272, 373854, 374460, 375095, 375703, 375925, 433855, 433946, 434534, 435127, 435717, 436311, 436917, 437514, 438126, 438724, 439338, 439940, 440543, 441130, 441729, 442337, 442931, 443525, 444107, 444683, 445260, 445850, 446422, 447011, 447599, 448216, 448425, 458808, 458878, 459476, 460069, 460667, 461245, 461832, 462424, 463002, 463604, 464207, 464816, 465418, 466011, 466613, 467176, 467759, 468360, 468960, 469591, 470220, 470844, 471473, 472080, 472692, 473278, 473875, 474465, 475054, 475657, 476257, 476846, 477459, 478040, 478646, 479272, 479864, 480488, 481122, 481735, 482349, 482949, 483585, 484178, 484778, 485393, 485986, 486576, 487166, 487734, 488330, 488926, 489546, 490166, 490769, 491407, 492007, 492627, 493248, 493840, 494461, 495063, 495658, 496249, 496840, 497458, 498077, 498700, 499326, 499949, 500535, 501155, 501738, 502350, 502931, 503523, 504112, 504726, 505345, 505962, 506581, 507209, 507445, 578606, 632878, 646431]
false detected []
232
Sensitivity: 0.9779735682280851
Positive predictivity: 0.9971925883774737
not det [76, 2550, 25657, 30155, 32412, 81335, 87470, 96933, 99238, 99599, 101161, 122278, 122389, 125861, 129431, 134385, 136600, 137954, 139864, 140271, 141231, 147329, 148235, 243896, 245833, 246898, 247683, 248905, 252568, 254492, 256132, 258198, 263913, 268556, 316208, 316968, 479736, 480435, 483704, 485026]
false detected [245738, 246794, 247599, 258109, 258301]
233
Sensitivity: 0.9723984771265103
Positive predictivity: 0.9999999999673737
not det [3, 42, 9923, 10577, 15717, 28214, 29430, 29581, 44623, 46117, 47552, 48999, 50249, 51730, 52144, 54255, 55751, 56799, 58276, 59779, 60892, 75809, 76831, 77895, 109386, 110905, 111043, 112845, 114373, 177453, 184568, 211590, 211988, 212250, 226721, 228204, 244160, 245635, 246037, 247525, 247935, 249394, 257800, 261100, 283547, 292260, 293323, 299832, 300890, 305133, 306985, 307400, 308451, 309702, 311190, 312664, 313722, 315213, 316702, 348442, 359507, 360575, 397256, 398071, 399121, 422293, 423342, 485343, 485991, 486760, 487422, 492319, 492965, 510856, 512367, 549437, 550493, 597784, 605492, 607429, 629638, 630737, 631418, 632061, 644479, 646373, 649946]
false detected []
234
Sensitivity: 0.9956584659552946
Positive predictivity: 0.999636759861982
not det [52, 144095, 144534, 147172, 147428, 304425, 313772, 486404, 487388, 493777, 494068, 520265]
false detected [493978]
for beta1 = 0.1, beta2 = 0.01, T = 1
mean SE: 0.9574516036207953
mean PP: 0.9949753206032749
SE accounting for length: 0.9573268706259754
PP accounting for length: 0.9955932563306316
